0.000000 0.020588 
0.100000 0.060238 
0.200000 0.116556 
0.300000 0.183284 
0.400000 0.258908 
0.500000 0.338079 
0.600000 0.420201 
0.700000 0.500817 
0.800000 0.580194 
0.900000 0.654682 
1.000000 0.725298 
1.100000 0.789068 
1.200000 0.847616 
1.300000 0.898497 
1.400000 0.943796 
1.500000 0.981450 
1.600000 1.013859 
1.700000 1.039212 
1.800000 1.060105 
1.900000 1.074863 
2.000000 1.086176 
2.100000 1.092420 
2.200000 1.096306 
2.300000 1.096191 
2.400000 1.094755 
2.500000 1.090298 
2.600000 1.085432 
2.700000 1.078378 
2.800000 1.071663 
2.900000 1.063420 
3.000000 1.056091 
3.100000 1.047716 
3.200000 1.040660 
3.300000 1.032882 
3.400000 1.026676 
3.500000 1.019936 
3.600000 1.014897 
3.700000 1.009401 
3.800000 1.005642 
3.900000 1.001421 
4.000000 0.998906 
4.100000 0.995870 
4.200000 0.994465 
4.300000 0.992449 
4.400000 0.991967 
4.500000 0.990770 
4.600000 0.991003 
4.700000 0.990418 
4.800000 0.991163 
4.900000 0.990994 
5.000000 0.992069 
5.100000 0.992148 
5.200000 0.993401 
5.300000 0.993593 
5.400000 0.994905 
5.500000 0.995108 
5.600000 0.996393 
5.700000 0.996538 
5.800000 0.997741 
5.900000 0.997785 
6.000000 0.998876 
6.100000 0.998799 
6.200000 0.999767 
6.300000 0.999566 
6.400000 1.000415 
6.500000 1.000099 
6.600000 1.000842 
6.700000 1.000427 
6.800000 1.001081 
6.900000 1.000587 
7.000000 1.001173 
7.100000 1.000620 
7.200000 1.001157 
7.300000 1.000563 
7.400000 1.001070 
7.500000 1.000451 
7.600000 1.000941 
7.700000 1.000311 
7.800000 1.000796 
7.900000 1.000164 
8.000000 1.000653 
8.100000 1.000026 
8.200000 1.000524 
8.300000 0.999906 
8.400000 1.000415 
8.500000 0.999808 
8.600000 1.000329 
8.700000 0.999734 
8.800000 1.000267 
8.900000 0.999682 
9.000000 1.000227 
9.100000 0.999650 
9.200000 1.000204 
9.300000 0.999635 
9.400000 1.000196 
9.500000 0.999631 
9.600000 1.000197 
9.700000 0.999636 
9.800000 1.000206 
9.900000 0.999647 
